# Game Level Exporter v1.0
MESH
bedDouble
<Matrix 4x4 (1.0000, 0.0000,  0.0000, 0.0000)
            (0.0000, 1.0000, -0.0000, 0.0000)
            (0.0000, 0.0000,  1.0000, 0.0000)
            (0.0000, 0.0000,  0.0000, 1.0000)>
MESH
bedDouble.001
<Matrix 4x4 (  1.0000, 0.0000,  0.0000, 0.0000)
            (  0.0000, 1.0000, -0.0000, 0.0000)
            (  0.0000, 0.0000,  1.0000, 0.0000)
            (-11.0000, 0.0000,  0.0000, 1.0000)>
MESH
bedDouble.002
<Matrix 4x4 ( 0.0000, 0.0000, -1.0000, 0.0000)
            (-0.0000, 1.0000, -0.0000, 0.0000)
            ( 1.0000, 0.0000,  0.0000, 0.0000)
            ( 0.0000, 0.0000,  2.0000, 1.0000)>
