# Game Level Exporter v1.0
LIGHT
Light
<Matrix 4x4 ( -0.2909, -0.0552,  0.9552, 0.0000)
            ( -0.7711,  0.6045, -0.1999, 0.0000)
            ( -0.5664, -0.7947, -0.2184, 0.0000)
            (-16.5477,  8.7900, 49.3942, 1.0000)>
MESH
floorFull
<Matrix 4x4 (1.0000, 0.0000,  0.0000, 0.0000)
            (0.0000, 1.0000, -0.0000, 0.0000)
            (0.0000, 0.0000,  1.0000, 0.0000)
            (0.0000, 0.0000,  0.0000, 1.0000)>
MESH
floorFull.001
<Matrix 4x4 ( 1.0000, 0.0000,  0.0000, 0.0000)
            ( 0.0000, 1.0000, -0.0000, 0.0000)
            ( 0.0000, 0.0000,  1.0000, 0.0000)
            (10.0000, 0.0000,  0.0000, 1.0000)>
MESH
floorFull.002
<Matrix 4x4 (  1.0000, 0.0000,  0.0000, 0.0000)
            (  0.0000, 1.0000, -0.0000, 0.0000)
            (  0.0000, 0.0000,  1.0000, 0.0000)
            (-10.0000, 0.0000,  0.0000, 1.0000)>
MESH
floorFull.003
<Matrix 4x4 (  1.0000, 0.0000,  0.0000, 0.0000)
            (  0.0000, 1.0000, -0.0000, 0.0000)
            (  0.0000, 0.0000,  1.0000, 0.0000)
            (-10.0000, 0.0000, 10.0000, 1.0000)>
MESH
floorFull.004
<Matrix 4x4 ( 1.0000, 0.0000,  0.0000, 0.0000)
            ( 0.0000, 1.0000, -0.0000, 0.0000)
            ( 0.0000, 0.0000,  1.0000, 0.0000)
            (10.0000, 0.0000, 10.0000, 1.0000)>
MESH
floorFull.005
<Matrix 4x4 (1.0000, 0.0000,  0.0000, 0.0000)
            (0.0000, 1.0000, -0.0000, 0.0000)
            (0.0000, 0.0000,  1.0000, 0.0000)
            (0.0000, 0.0000, 10.0000, 1.0000)>
MESH
floorFull.006
<Matrix 4x4 (1.0000, 0.0000,  0.0000, 0.0000)
            (0.0000, 1.0000, -0.0000, 0.0000)
            (0.0000, 0.0000,  1.0000, 0.0000)
            (0.0000, 0.0000, 20.0000, 1.0000)>
MESH
floorFull.007
<Matrix 4x4 ( 1.0000, 0.0000,  0.0000, 0.0000)
            ( 0.0000, 1.0000, -0.0000, 0.0000)
            ( 0.0000, 0.0000,  1.0000, 0.0000)
            (10.0000, 0.0000, 20.0000, 1.0000)>
MESH
floorFull.008
<Matrix 4x4 (  1.0000, 0.0000,  0.0000, 0.0000)
            (  0.0000, 1.0000, -0.0000, 0.0000)
            (  0.0000, 0.0000,  1.0000, 0.0000)
            (-10.0000, 0.0000, 20.0000, 1.0000)>
MESH
floorFull.009
<Matrix 4x4 (  1.0000, 0.0000,  0.0000, 0.0000)
            (  0.0000, 1.0000, -0.0000, 0.0000)
            (  0.0000, 0.0000,  1.0000, 0.0000)
            (-10.0000, 0.0000, 50.0000, 1.0000)>
MESH
floorFull.010
<Matrix 4x4 ( 1.0000, 0.0000,  0.0000, 0.0000)
            ( 0.0000, 1.0000, -0.0000, 0.0000)
            ( 0.0000, 0.0000,  1.0000, 0.0000)
            (10.0000, 0.0000, 50.0000, 1.0000)>
MESH
floorFull.011
<Matrix 4x4 (1.0000, 0.0000,  0.0000, 0.0000)
            (0.0000, 1.0000, -0.0000, 0.0000)
            (0.0000, 0.0000,  1.0000, 0.0000)
            (0.0000, 0.0000, 50.0000, 1.0000)>
MESH
floorFull.012
<Matrix 4x4 (1.0000, 0.0000,  0.0000, 0.0000)
            (0.0000, 1.0000, -0.0000, 0.0000)
            (0.0000, 0.0000,  1.0000, 0.0000)
            (0.0000, 0.0000, 40.0000, 1.0000)>
MESH
floorFull.013
<Matrix 4x4 ( 1.0000, 0.0000,  0.0000, 0.0000)
            ( 0.0000, 1.0000, -0.0000, 0.0000)
            ( 0.0000, 0.0000,  1.0000, 0.0000)
            (10.0000, 0.0000, 40.0000, 1.0000)>
MESH
floorFull.014
<Matrix 4x4 (  1.0000, 0.0000,  0.0000, 0.0000)
            (  0.0000, 1.0000, -0.0000, 0.0000)
            (  0.0000, 0.0000,  1.0000, 0.0000)
            (-10.0000, 0.0000, 40.0000, 1.0000)>
MESH
floorFull.015
<Matrix 4x4 (  1.0000, 0.0000,  0.0000, 0.0000)
            (  0.0000, 1.0000, -0.0000, 0.0000)
            (  0.0000, 0.0000,  1.0000, 0.0000)
            (-10.0000, 0.0000, 30.0000, 1.0000)>
MESH
floorFull.016
<Matrix 4x4 ( 1.0000, 0.0000,  0.0000, 0.0000)
            ( 0.0000, 1.0000, -0.0000, 0.0000)
            ( 0.0000, 0.0000,  1.0000, 0.0000)
            (10.0000, 0.0000, 30.0000, 1.0000)>
MESH
floorFull.017
<Matrix 4x4 (1.0000, 0.0000,  0.0000, 0.0000)
            (0.0000, 1.0000, -0.0000, 0.0000)
            (0.0000, 0.0000,  1.0000, 0.0000)
            (0.0000, 0.0000, 30.0000, 1.0000)>
MESH
wall
<Matrix 4x4 ( 0.0000, 0.0000,  -1.0000, 0.0000)
            (-0.0000, 1.0000,  -0.0000, 0.0000)
            ( 1.0000, 0.0000,   0.0000, 0.0000)
            (10.5000, 0.5000, -10.0000, 1.0000)>
MESH
wall.001
<Matrix 4x4 ( 0.0000, 0.0000, -1.0000, 0.0000)
            (-0.0000, 1.0000, -0.0000, 0.0000)
            ( 1.0000, 0.0000,  0.0000, 0.0000)
            (10.5000, 0.5000,  0.0000, 1.0000)>
MESH
wall.002
<Matrix 4x4 ( 0.0000, 0.0000, -1.0000, 0.0000)
            (-0.0000, 1.0000, -0.0000, 0.0000)
            ( 1.0000, 0.0000,  0.0000, 0.0000)
            (10.5000, 0.5000, 20.0000, 1.0000)>
MESH
wall.003
<Matrix 4x4 ( 0.0000, 0.0000, -1.0000, 0.0000)
            (-0.0000, 1.0000, -0.0000, 0.0000)
            ( 1.0000, 0.0000,  0.0000, 0.0000)
            (10.5000, 0.5000, 10.0000, 1.0000)>
MESH
wall.006
<Matrix 4x4 ( 0.0000, 0.0000, -1.0000, 0.0000)
            (-0.0000, 1.0000, -0.0000, 0.0000)
            ( 1.0000, 0.0000,  0.0000, 0.0000)
            (10.5000, 0.5000, 40.0000, 1.0000)>
MESH
wall.007
<Matrix 4x4 ( 0.0000, 0.0000, -1.0000, 0.0000)
            (-0.0000, 1.0000, -0.0000, 0.0000)
            ( 1.0000, 0.0000,  0.0000, 0.0000)
            (10.5000, 0.5000, 30.0000, 1.0000)>
MESH
wall.009
<Matrix 4x4 ( 1.0000, 0.0000,  0.0000, 0.0000)
            ( 0.0000, 1.0000, -0.0000, 0.0000)
            ( 0.0000, 0.0000,  1.0000, 0.0000)
            (10.0000, 0.5000, 50.5000, 1.0000)>
MESH
wall.010
<Matrix 4x4 (  1.0000, 0.0000,  0.0000, 0.0000)
            (  0.0000, 1.0000, -0.0000, 0.0000)
            (  0.0000, 0.0000,  1.0000, 0.0000)
            (-10.0000, 0.5000, 50.5000, 1.0000)>
MESH
wall.012
<Matrix 4x4 (  0.0000, 0.0000,  1.0000, 0.0000)
            (  0.0000, 1.0000, -0.0000, 0.0000)
            ( -1.0000, 0.0000,  0.0000, 0.0000)
            (-20.5000, 0.5000, 40.0000, 1.0000)>
MESH
wall.013
<Matrix 4x4 (  0.0000, 0.0000,  1.0000, 0.0000)
            (  0.0000, 1.0000, -0.0000, 0.0000)
            ( -1.0000, 0.0000,  0.0000, 0.0000)
            (-20.5000, 0.5000, 50.0000, 1.0000)>
MESH
wall.015
<Matrix 4x4 (  0.0000, 0.0000,  1.0000, 0.0000)
            (  0.0000, 1.0000, -0.0000, 0.0000)
            ( -1.0000, 0.0000,  0.0000, 0.0000)
            (-20.5000, 0.5000,  0.0001, 1.0000)>
MESH
wall.016
<Matrix 4x4 (  0.0000, 0.0000,  1.0000, 0.0000)
            (  0.0000, 1.0000, -0.0000, 0.0000)
            ( -1.0000, 0.0000,  0.0000, 0.0000)
            (-20.5000, 0.5000, 20.0000, 1.0000)>
MESH
wall.017
<Matrix 4x4 (  0.0000, 0.0000,  1.0000, 0.0000)
            (  0.0000, 1.0000, -0.0000, 0.0000)
            ( -1.0000, 0.0000,  0.0000, 0.0000)
            (-20.5000, 0.5000, 30.0000, 1.0000)>
MESH
wall.018
<Matrix 4x4 ( -1.0000, 0.0000,   0.0000, 0.0000)
            (  0.0000, 1.0000,   0.0000, 0.0000)
            ( -0.0000, 0.0000,  -1.0000, 0.0000)
            (-20.0000, 0.5000, -10.5000, 1.0000)>
MESH
wall.019
<Matrix 4x4 ( -1.0000, 0.0000,   0.0000, 0.0000)
            (  0.0000, 1.0000,   0.0000, 0.0000)
            ( -0.0000, 0.0000,  -1.0000, 0.0000)
            (-10.0000, 0.5000, -10.5000, 1.0000)>
MESH
wall.020
<Matrix 4x4 (-1.0000, 0.0000,   0.0000, 0.0000)
            ( 0.0000, 1.0000,   0.0000, 0.0000)
            (-0.0000, 0.0000,  -1.0000, 0.0000)
            (-0.0000, 0.5000, -10.5000, 1.0000)>
MESH
wallDoorway
<Matrix 4x4 (  0.0000, 0.0000,  1.0000, 0.0000)
            (  0.0000, 1.0000, -0.0000, 0.0000)
            ( -1.0000, 0.0000,  0.0000, 0.0000)
            (-20.4995, 0.5000, 10.0000, 1.0000)>
MESH
wallWindow
<Matrix 4x4 ( 1.0000, 0.0000,  0.0000, 0.0000)
            ( 0.0000, 1.0000, -0.0000, 0.0000)
            ( 0.0000, 0.0000,  1.0000, 0.0000)
            (-0.0000, 0.5000, 50.5006, 1.0000)>
MESH
computerKeyboard
<Matrix 4x4 ( 1.0000, 0.0000,  0.0000, 0.0000)
            ( 0.0000, 1.0000, -0.0000, 0.0000)
            ( 0.0000, 0.0000,  1.0000, 0.0000)
            (-4.5477, 4.3441, -4.1527, 1.0000)>
MESH
computerMouse
<Matrix 4x4 (-1.0000, 0.0000,  0.0000, 0.0000)
            ( 0.0000, 1.0000,  0.0000, 0.0000)
            (-0.0000, 0.0000, -1.0000, 0.0000)
            (-8.0000, 4.3441, -5.2510, 1.0000)>
MESH
computerScreen
<Matrix 4x4 (1.0000, 0.0000,  0.0000, 0.0000)
            (0.0000, 1.0000, -0.0000, 0.0000)
            (0.0000, 0.0000,  1.0000, 0.0000)
            (0.0000, 4.3441, -7.0000, 1.0000)>
MESH
computerScreen.001
<Matrix 4x4 ( 1.0000, 0.0000,  0.0000, 0.0000)
            ( 0.0000, 1.0000, -0.0000, 0.0000)
            ( 0.0000, 0.0000,  1.0000, 0.0000)
            (-4.0000, 4.3441, -7.0000, 1.0000)>
MESH
computerScreen.002
<Matrix 4x4 ( 1.0000, 0.0000,  0.0000, 0.0000)
            ( 0.0000, 1.0000, -0.0000, 0.0000)
            ( 0.0000, 0.0000,  1.0000, 0.0000)
            (-8.0000, 4.3441, -7.0000, 1.0000)>
MESH
laptop
<Matrix 4x4 ( 0.6290, 0.0000,  0.7774, 0.0000)
            ( 0.0000, 1.0000, -0.0000, 0.0000)
            (-0.7774, 0.0000,  0.6290, 0.0000)
            ( 2.4431, 4.3441, -4.7790, 1.0000)>
MESH
sideTable
<Matrix 4x4 (4.0000, 0.0000,  0.0000, 0.0000)
            (0.0000, 1.0000, -0.0000, 0.0000)
            (0.0000, 0.0000,  3.0000, 0.0000)
            (5.6000, 0.5000, -3.7000, 1.0000)>
MESH
speakerSmall
<Matrix 4x4 (  1.0000, 0.0000,  0.0000, 0.0000)
            (  0.0000, 1.0000, -0.0000, 0.0000)
            (  0.0000, 0.0000,  1.0000, 0.0000)
            (-13.8990, 4.3441, -8.6680, 1.0000)>
MESH
speakerSmall.001
<Matrix 4x4 (1.0000, 0.0000,  0.0000, 0.0000)
            (0.0000, 1.0000, -0.0000, 0.0000)
            (0.0000, 0.0000,  1.0000, 0.0000)
            (6.0000, 4.3441, -8.6680, 1.0000)>
MESH
chairDesk
<Matrix 4x4 (-0.9659, 0.0000,  0.2588, 0.0000)
            ( 0.0000, 1.0000,  0.0000, 0.0000)
            (-0.2588, 0.0000, -0.9659, 0.0000)
            (-5.8707, 0.5000, -2.8801, 1.0000)>
MESH
loungeSofa
<Matrix 4x4 ( 0.0000, 0.0000,  1.0000, 0.0000)
            ( 0.0000, 1.0000, -0.0000, 0.0000)
            (-1.0000, 0.0000,  0.0000, 0.0000)
            ( 5.9000, 0.5000, 29.6000, 1.0000)>
MESH
loungeSofaLong
<Matrix 4x4 ( 0.0000, 0.0000,  1.0000, 0.0000)
            ( 0.0000, 1.0000, -0.0000, 0.0000)
            (-1.0000, 0.0000,  0.0000, 0.0000)
            ( 5.9000, 0.5000, 19.8000, 1.0000)>
MESH
cabinetTelevision
<Matrix 4x4 (  0.0000, 0.0000, -2.0000, 0.0000)
            ( -0.0000, 1.0000, -0.0000, 0.0000)
            (  2.0000, 0.0000,  0.0000, 0.0000)
            (-15.0000, 0.5000, 11.8187, 1.0000)>
MESH
televisionModern
<Matrix 4x4 (  0.0000, 0.0000, -2.0000, 0.0000)
            ( -0.0000, 2.0000, -0.0000, 0.0000)
            (  2.0000, 0.0000,  0.0000, 0.0000)
            (-18.7160, 3.6000, 19.7629, 1.0000)>
MESH
speaker
<Matrix 4x4 ( -0.0000, 0.0000, -1.0000, 0.0000)
            ( -0.0000, 1.0000,  0.0000, 0.0000)
            (  1.0000, 0.0000, -0.0000, 0.0000)
            (-18.5200, 0.5000,  8.5200, 1.0000)>
MESH
speaker.001
<Matrix 4x4 ( -0.0000, 0.0000, -1.0000, 0.0000)
            ( -0.0000, 1.0000,  0.0000, 0.0000)
            (  1.0000, 0.0000, -0.0000, 0.0000)
            (-18.5200, 0.5000, 30.0000, 1.0000)>
MESH
rugRounded
<Matrix 4x4 (-0.0000, 0.0000, -1.0000, 0.0000)
            (-0.0000, 1.0000,  0.0000, 0.0000)
            ( 1.0000, 0.0000, -0.0000, 0.0000)
            (-0.3728, 0.4957, 12.3489, 1.0000)>
MESH
tableGlass
<Matrix 4x4 ( 0.0000, 0.0000, -1.0000, 0.0000)
            (-0.0000, 1.0000, -0.0000, 0.0000)
            ( 1.0000, 0.0000,  0.0000, 0.0000)
            (-2.7236, 0.5957, 15.8439, 1.0000)>
MESH
bedDouble
<Matrix 4x4 (-1.0000, 0.0000, -0.0000, 0.0000)
            (-0.0000, 1.0000,  0.0000, 0.0000)
            ( 0.0000, 0.0000, -1.0000, 0.0000)
            (-9.7458, 0.5000, 38.5551, 1.0000)>
MESH
cabinetBedDrawerTable
<Matrix 4x4 (-1.0000, 0.0000, -0.0000, 0.0000)
            (-0.0000, 1.0000,  0.0000, 0.0000)
            ( 0.0000, 0.0000, -1.0000, 0.0000)
            ( 0.1000, 0.5000, 47.9500, 1.0000)>
MESH
cabinetBedDrawerTable.001
<Matrix 4x4 ( -1.0000, 0.0000, -0.0000, 0.0000)
            ( -0.0000, 1.0000,  0.0000, 0.0000)
            (  0.0000, 0.0000, -1.0000, 0.0000)
            (-12.5600, 0.5000, 47.9500, 1.0000)>
MESH
plantSmall3
<Matrix 4x4 (  1.0000, 0.0000,  0.0000, 0.0000)
            (  0.0000, 1.0000, -0.0000, 0.0000)
            (  0.0000, 0.0000,  1.0000, 0.0000)
            (-10.8487, 3.1320, 48.4616, 1.0000)>
MESH
books
<Matrix 4x4 (-1.0000, 0.0000, -0.0000, 0.0000)
            (-0.0000, 1.0000,  0.0000, 0.0000)
            ( 0.0000, 0.0000, -1.0000, 0.0000)
            ( 0.5887, 3.1320, 49.0550, 1.0000)>
MESH
lampSquareFloor
<Matrix 4x4 (  1.0000, 0.0000,  0.0000, 0.0000)
            (  0.0000, 1.0000, -0.0000, 0.0000)
            (  0.0000, 0.0000,  1.0000, 0.0000)
            (-15.9667, 0.5000, 50.0000, 1.0000)>
MESH
pottedPlant
<Matrix 4x4 (1.0000, 0.0000,  0.0000, 0.0000)
            (0.0000, 1.0000, -0.0000, 0.0000)
            (0.0000, 0.0000,  1.0000, 0.0000)
            (8.0045, 0.5000, 49.7833, 1.0000)>
