# Game Level Exporter v1.0
LIGHT
Light
<Matrix 4x4 ( 0.1789,  0.2929,  0.2015, 0.0000)
            (-0.7711,  0.6045, -0.1999, 0.0000)
            (-0.5664, -0.7947, -0.2184, 0.0000)
            ( 8.8429, 10.6534,  8.3734, 1.0000)>
MESH
floorFull
<Matrix 4x4 (1.0000, 0.0000,  0.0000, 0.0000)
            (0.0000, 1.0000, -0.0000, 0.0000)
            (0.0000, 0.0000,  1.0000, 0.0000)
            (0.0000, 0.0000,  0.0000, 1.0000)>
MESH
floorFull.001
<Matrix 4x4 (1.0000, 0.0000,  0.0000, 0.0000)
            (0.0000, 1.0000, -0.0000, 0.0000)
            (0.0000, 0.0000,  1.0000, 0.0000)
            (0.0000, 0.0000, 10.0000, 1.0000)>
MESH
floorFull.002
<Matrix 4x4 ( 1.0000, 0.0000,  0.0000, 0.0000)
            ( 0.0000, 1.0000, -0.0000, 0.0000)
            ( 0.0000, 0.0000,  1.0000, 0.0000)
            (10.0000, 0.0000, 10.0000, 1.0000)>
MESH
floorFull.003
<Matrix 4x4 ( 1.0000, 0.0000,  0.0000, 0.0000)
            ( 0.0000, 1.0000, -0.0000, 0.0000)
            ( 0.0000, 0.0000,  1.0000, 0.0000)
            (10.0000, 0.0000,  0.0000, 1.0000)>
MESH
floorFull.004
<Matrix 4x4 ( 1.0000, 0.0000,  0.0000, 0.0000)
            ( 0.0000, 1.0000, -0.0000, 0.0000)
            ( 0.0000, 0.0000,  1.0000, 0.0000)
            (10.0000, 0.0000, 20.0000, 1.0000)>
MESH
floorFull.005
<Matrix 4x4 ( 1.0000, 0.0000,  0.0000, 0.0000)
            ( 0.0000, 1.0000, -0.0000, 0.0000)
            ( 0.0000, 0.0000,  1.0000, 0.0000)
            (10.0000, 0.0000, 30.0000, 1.0000)>
MESH
floorFull.006
<Matrix 4x4 (1.0000, 0.0000,  0.0000, 0.0000)
            (0.0000, 1.0000, -0.0000, 0.0000)
            (0.0000, 0.0000,  1.0000, 0.0000)
            (0.0000, 0.0000, 30.0000, 1.0000)>
MESH
floorFull.007
<Matrix 4x4 (1.0000, 0.0000,  0.0000, 0.0000)
            (0.0000, 1.0000, -0.0000, 0.0000)
            (0.0000, 0.0000,  1.0000, 0.0000)
            (0.0000, 0.0000, 20.0000, 1.0000)>
MESH
floorFull.010
<Matrix 4x4 (  1.0000, 0.0000,  0.0000, 0.0000)
            (  0.0000, 1.0000, -0.0000, 0.0000)
            (  0.0000, 0.0000,  1.0000, 0.0000)
            (-10.0000, 0.0000, 30.0000, 1.0000)>
MESH
floorFull.011
<Matrix 4x4 (  1.0000, 0.0000,  0.0000, 0.0000)
            (  0.0000, 1.0000, -0.0000, 0.0000)
            (  0.0000, 0.0000,  1.0000, 0.0000)
            (-10.0000, 0.0000, 20.0000, 1.0000)>
MESH
floorFull.012
<Matrix 4x4 (  1.0000, 0.0000,  0.0000, 0.0000)
            (  0.0000, 1.0000, -0.0000, 0.0000)
            (  0.0000, 0.0000,  1.0000, 0.0000)
            (-10.0000, 0.0000,  0.0000, 1.0000)>
MESH
floorFull.013
<Matrix 4x4 (  1.0000, 0.0000,  0.0000, 0.0000)
            (  0.0000, 1.0000, -0.0000, 0.0000)
            (  0.0000, 0.0000,  1.0000, 0.0000)
            (-10.0000, 0.0000, 10.0000, 1.0000)>
MESH
floorFull.018
<Matrix 4x4 (  1.0000, 0.0000,   0.0000, 0.0000)
            (  0.0000, 1.0000,  -0.0000, 0.0000)
            (  0.0000, 0.0000,   1.0000, 0.0000)
            (-10.0000, 0.0000, -10.0000, 1.0000)>
MESH
floorFull.019
<Matrix 4x4 (  1.0000, 0.0000,   0.0000, 0.0000)
            (  0.0000, 1.0000,  -0.0000, 0.0000)
            (  0.0000, 0.0000,   1.0000, 0.0000)
            (-10.0000, 0.0000, -20.0000, 1.0000)>
MESH
floorFull.020
<Matrix 4x4 ( 1.0000, 0.0000,   0.0000, 0.0000)
            ( 0.0000, 1.0000,  -0.0000, 0.0000)
            ( 0.0000, 0.0000,   1.0000, 0.0000)
            (10.0000, 0.0000, -20.0000, 1.0000)>
MESH
floorFull.021
<Matrix 4x4 ( 1.0000, 0.0000,   0.0000, 0.0000)
            ( 0.0000, 1.0000,  -0.0000, 0.0000)
            ( 0.0000, 0.0000,   1.0000, 0.0000)
            (10.0000, 0.0000, -10.0000, 1.0000)>
MESH
floorFull.022
<Matrix 4x4 (1.0000, 0.0000,   0.0000, 0.0000)
            (0.0000, 1.0000,  -0.0000, 0.0000)
            (0.0000, 0.0000,   1.0000, 0.0000)
            (0.0000, 0.0000, -10.0000, 1.0000)>
MESH
floorFull.023
<Matrix 4x4 (1.0000, 0.0000,   0.0000, 0.0000)
            (0.0000, 1.0000,  -0.0000, 0.0000)
            (0.0000, 0.0000,   1.0000, 0.0000)
            (0.0000, 0.0000, -20.0000, 1.0000)>
MESH
wall
<Matrix 4x4 ( 1.0000, 0.0000,   0.0000, 0.0000)
            ( 0.0000, 1.0000,  -0.0000, 0.0000)
            ( 0.0000, 0.0000,   1.0000, 0.0000)
            (10.0000, 0.5000, -30.0000, 1.0000)>
MESH
wallWindow
<Matrix 4x4 (1.0000, 0.0000,   0.0000, 0.0000)
            (0.0000, 1.0000,  -0.0000, 0.0000)
            (0.0000, 0.0000,   1.0000, 0.0000)
            (0.0000, 0.5000, -30.0000, 1.0000)>
MESH
wallWindow.001
<Matrix 4x4 (  1.0000, 0.0000,   0.0000, 0.0000)
            (  0.0000, 1.0000,  -0.0000, 0.0000)
            (  0.0000, 0.0000,   1.0000, 0.0000)
            (-10.0000, 0.5000, -30.0000, 1.0000)>
MESH
wall.003
<Matrix 4x4 (  0.0000, 0.0000,  -1.0000, 0.0000)
            ( -0.0000, 1.0000,  -0.0000, 0.0000)
            (  1.0000, 0.0000,   0.0000, 0.0000)
            (-20.0000, 0.5000, -30.0000, 1.0000)>
MESH
wallWindow.004
<Matrix 4x4 (  0.0000, 0.0000, -1.0000, 0.0000)
            ( -0.0000, 1.0000, -0.0000, 0.0000)
            (  1.0000, 0.0000,  0.0000, 0.0000)
            (-19.9921, 0.5000, 20.0000, 1.0000)>
MESH
wallWindow.005
<Matrix 4x4 (  0.0000, 0.0000, -1.0000, 0.0000)
            ( -0.0000, 1.0000, -0.0000, 0.0000)
            (  1.0000, 0.0000,  0.0000, 0.0000)
            (-19.9978, 0.5000, 10.0000, 1.0000)>
MESH
wallWindow.006
<Matrix 4x4 ( -1.0000, 0.0000, -0.0000, 0.0000)
            ( -0.0000, 1.0000,  0.0000, 0.0000)
            (  0.0000, 0.0000, -1.0000, 0.0000)
            (-10.0000, 0.5000, 30.0008, 1.0000)>
MESH
wallWindow.007
<Matrix 4x4 ( -1.0000, 0.0000, -0.0000, 0.0000)
            ( -0.0000, 1.0000,  0.0000, 0.0000)
            (  0.0000, 0.0000, -1.0000, 0.0000)
            (-20.0000, 0.5000, 30.0022, 1.0000)>
MESH
wall.004
<Matrix 4x4 (-1.0000, 0.0000, -0.0000, 0.0000)
            (-0.0000, 1.0000,  0.0000, 0.0000)
            ( 0.0000, 0.0000, -1.0000, 0.0000)
            ( 0.0000, 0.5000, 30.0000, 1.0000)>
MESH
wall.006
<Matrix 4x4 ( 0.0000, 0.0000,   1.0000, 0.0000)
            ( 0.0000, 1.0000,  -0.0000, 0.0000)
            (-1.0000, 0.0000,   0.0000, 0.0000)
            (10.0000, 0.5000, -20.0081, 1.0000)>
MESH
wall.007
<Matrix 4x4 ( 0.0000, 0.0000,   1.0000, 0.0000)
            ( 0.0000, 1.0000,  -0.0000, 0.0000)
            (-1.0000, 0.0000,   0.0000, 0.0000)
            (10.0000, 0.5000, -10.0081, 1.0000)>
MESH
wall.009
<Matrix 4x4 ( 0.0000, 0.0000,  1.0000, 0.0000)
            ( 0.0000, 1.0000, -0.0000, 0.0000)
            (-1.0000, 0.0000,  0.0000, 0.0000)
            (10.0000, 0.5000,  9.9919, 1.0000)>
MESH
wall.010
<Matrix 4x4 ( 0.0000, 0.0000,  1.0000, 0.0000)
            ( 0.0000, 1.0000, -0.0000, 0.0000)
            (-1.0000, 0.0000,  0.0000, 0.0000)
            (10.0000, 0.5000, 19.9919, 1.0000)>
MESH
wall.011
<Matrix 4x4 ( 0.0000, 0.0000,  1.0000, 0.0000)
            ( 0.0000, 1.0000, -0.0000, 0.0000)
            (-1.0000, 0.0000,  0.0000, 0.0000)
            (10.0000, 0.5000, 29.9919, 1.0000)>
MESH
wall.008
<Matrix 4x4 (  1.0000, 0.0000,  0.0000, 0.0000)
            (  0.0000, 1.0000, -0.0000, 0.0000)
            (  0.0000, 0.0000,  1.0000, 0.0000)
            (-10.0000, 0.5000, 10.0000, 1.0000)>
MESH
wall.002
<Matrix 4x4 (  0.0000, 0.0000,  -1.0000, 0.0000)
            ( -0.0000, 1.0000,  -0.0000, 0.0000)
            (  1.0000, 0.0000,   0.0000, 0.0000)
            (-20.0000, 0.5000, -20.0000, 1.0000)>
MESH
wall.012
<Matrix 4x4 (  0.0000, 0.0000,  -1.0000, 0.0000)
            ( -0.0000, 1.0000,  -0.0000, 0.0000)
            (  1.0000, 0.0000,   0.0000, 0.0000)
            (-20.0000, 0.5000, -10.0000, 1.0000)>
MESH
wall.013
<Matrix 4x4 (  0.0000, 0.0000, -1.0000, 0.0000)
            ( -0.0000, 1.0000, -0.0000, 0.0000)
            (  1.0000, 0.0000,  0.0000, 0.0000)
            (-20.0000, 0.5000,  0.0000, 1.0000)>
MESH
wallDoorwayWide.001
<Matrix 4x4 ( 1.0000, 0.0000,  0.0000, 0.0000)
            ( 0.0000, 1.0000, -0.0000, 0.0000)
            ( 0.0000, 0.0000,  1.0000, 0.0000)
            (-0.0000, 0.5000,  9.9940, 1.0000)>
MESH
wall.015
<Matrix 4x4 ( 1.0000, 0.0000,  0.0000, 0.0000)
            ( 0.0000, 1.0000, -0.0000, 0.0000)
            ( 0.0000, 0.0000,  1.0000, 0.0000)
            (10.0000, 0.5000, 10.0000, 1.0000)>
MESH
wallDoorway
<Matrix 4x4 ( 0.0000, 0.0000,  1.0000, 0.0000)
            ( 0.0000, 1.0000, -0.0000, 0.0000)
            (-1.0000, 0.0000,  0.0000, 0.0000)
            ( 9.9995, 0.5000, -0.0103, 1.0000)>
MESH
shower
<Matrix 4x4 ( 0.0000, 0.0000,  1.7500, 0.0000)
            ( 0.0000, 1.1800, -0.0000, 0.0000)
            (-1.7500, 0.0000,  0.0000, 0.0000)
            ( 0.1686, 0.5000, 20.0873, 1.0000)>
MESH
bathtub
<Matrix 4x4 (  0.0000, 0.0000, -1.2000, 0.0000)
            ( -0.0000, 1.0000, -0.0000, 0.0000)
            (  1.5000, 0.0000,  0.0000, 0.0000)
            (-11.5978, 0.5000, 15.7222, 1.0000)>
MESH
toilet
<Matrix 4x4 ( 0.0000, 0.0000,  1.0000, 0.0000)
            ( 0.0000, 1.0000, -0.0000, 0.0000)
            (-1.0000, 0.0000,  0.0000, 0.0000)
            (10.0000, 0.5000, 16.5966, 1.0000)>
MESH
kitchenCabinetDrawer
<Matrix 4x4 (  0.0000,  0.0000,  -1.5000, 0.0000)
            ( -0.0000,  1.0000,  -0.0000, 0.0000)
            (  1.5000,  0.0000,   0.0000, 0.0000)
            (-13.2500, -0.0824, -20.0000, 1.0000)>
MESH
kitchenCabinetDrawer.001
<Matrix 4x4 (  0.0000,  0.0000, -1.5000, 0.0000)
            ( -0.0000,  1.0000, -0.0000, 0.0000)
            (  1.5000,  0.0000,  0.0000, 0.0000)
            (-13.2500, -0.0824, -6.4500, 1.0000)>
MESH
kitchenCabinet
<Matrix 4x4 (  0.0000, 0.0000,  -1.6520, 0.0000)
            ( -0.0000, 0.9570,  -0.0000, 0.0000)
            (  1.0000, 0.0000,   0.0000, 0.0000)
            (-15.5000, 0.5000, -13.5500, 1.0000)>
MESH
bathroomCabinet
<Matrix 4x4 ( 0.0000, 0.0000,  4.0000, 0.0000)
            ( 0.0000, 3.0000, -0.0000, 0.0000)
            (-2.0000, 0.0000,  0.0000, 0.0000)
            ( 5.7995, 0.5000, -3.6000, 1.0000)>
MESH
bathroomMirror
<Matrix 4x4 (  0.0000, 0.0000,  -2.0000, 0.0000)
            ( -0.0000, 2.0000,  -0.0000, 0.0000)
            (  0.2000, 0.0000,   0.0000, 0.0000)
            (-19.8733, 4.5194, -19.7727, 1.0000)>
MESH
bathroomMirror.001
<Matrix 4x4 (  0.0000, 0.0000, -2.0000, 0.0000)
            ( -0.0000, 2.0000, -0.0000, 0.0000)
            (  0.2000, 0.0000,  0.0000, 0.0000)
            (-19.8236, 4.5194, -6.2662, 1.0000)>
MESH
bathroomMirror.002
<Matrix 4x4 (  0.0000, 0.0000,  -2.0000, 0.0000)
            ( -0.0000, 2.0000,  -0.0000, 0.0000)
            (  2.0000, 0.0000,   0.0000, 0.0000)
            (-19.0240, 4.5194, -12.9808, 1.0000)>
MESH
bookcaseOpenLow
<Matrix 4x4 (  0.0000, 0.0000,  -2.0000, 0.0000)
            ( -0.0000, 1.0000,  -0.0000, 0.0000)
            (  1.0000, 0.0000,   0.0000, 0.0000)
            (-17.5000, 0.5000, -28.9122, 1.0000)>
MESH
bookcaseOpenLow.001
<Matrix 4x4 (  0.0000, 0.0000, -2.0000, 0.0000)
            ( -0.0000, 1.0000, -0.0000, 0.0000)
            (  1.0000, 0.0000,  0.0000, 0.0000)
            (-17.5000, 0.5000,  0.7822, 1.0000)>
MESH
bathroomCabinet.001
<Matrix 4x4 ( 0.0000, 0.0000,   4.0000, 0.0000)
            ( 0.0000, 3.0000,  -0.0000, 0.0000)
            (-2.0000, 0.0000,   0.0000, 0.0000)
            ( 5.7995, 0.5000, -12.8000, 1.0000)>
MESH
bench
<Matrix 4x4 ( 0.0000, 0.0000,  2.0000, 0.0000)
            ( 0.0000, 1.0000, -0.0000, 0.0000)
            (-2.0000, 0.0000,  0.0000, 0.0000)
            ( 6.0000, 0.5000,  6.9002, 1.0000)>
MESH
pottedPlant.002
<Matrix 4x4 (-0.0000, 0.0000,  1.0000, 0.0000)
            ( 0.0000, 1.0000,  0.0000, 0.0000)
            (-1.0000, 0.0000, -0.0000, 0.0000)
            ( 7.8021, 0.5000, -8.6511, 1.0000)>
MESH
books
<Matrix 4x4 (  0.0000, 0.0000, -1.0000, 0.0000)
            ( -0.0000, 1.0000, -0.0000, 0.0000)
            (  1.0000, 0.0000,  0.0000, 0.0000)
            (-18.8550, 1.8000,  1.8047, 1.0000)>
MESH
books.001
<Matrix 4x4 (  0.0000, 0.0000, -1.0000, 0.0000)
            ( -0.0000, 1.0000, -0.0000, 0.0000)
            (  1.0000, 0.0000,  0.0000, 0.0000)
            (-18.8550, 1.8000,  6.2895, 1.0000)>
MESH
televisionModern
<Matrix 4x4 (  1.0000, 0.0000,  0.0000, 0.0000)
            (  0.0000, 1.0000, -0.0000, 0.0000)
            ( -0.0000, 0.0000,  1.0000, 0.0000)
            (-15.8892, 4.2000, 10.8420, 1.0000)>
MESH
bookcaseOpenLow.002
<Matrix 4x4 (  2.0000, 0.0000,  0.0000, 0.0000)
            (  0.0000, 1.0000, -0.0000, 0.0000)
            (  0.0000, 0.0000,  1.0000, 0.0000)
            (-11.9978, 0.5000, 12.5000, 1.0000)>
MESH
plantSmall2
<Matrix 4x4 ( -0.0000, 0.0000,  1.0000, 0.0000)
            (  0.0000, 1.0000,  0.0000, 0.0000)
            ( -1.0000, 0.0000, -0.0000, 0.0000)
            (-18.2189, 4.2000,  2.8663, 1.0000)>
MESH
plantSmall1
<Matrix 4x4 ( -0.0000, 0.0000,  1.0000, 0.0000)
            (  0.0000, 1.0000,  0.0000, 0.0000)
            ( -1.0000, 0.0000, -0.0000, 0.0000)
            (-18.2064, 4.2033,  5.2636, 1.0000)>
MESH
plantSmall3
<Matrix 4x4 ( -0.0000, 0.0000,  1.0000, 0.0000)
            (  0.0000, 1.0000,  0.0000, 0.0000)
            ( -1.0000, 0.0000, -0.0000, 0.0000)
            (-18.3060, 4.2000,  7.4975, 1.0000)>
MESH
plantSmall3.001
<Matrix 4x4 ( -0.0000, 0.0000,   1.0000, 0.0000)
            (  0.0000, 1.0000,   0.0000, 0.0000)
            ( -1.0000, 0.0000,  -0.0000, 0.0000)
            (-18.3060, 4.2000, -22.1536, 1.0000)>
MESH
plantSmall2.001
<Matrix 4x4 ( -0.0000, 0.0000,   1.0000, 0.0000)
            (  0.0000, 1.0000,   0.0000, 0.0000)
            ( -1.0000, 0.0000,  -0.0000, 0.0000)
            (-18.2189, 4.2000, -26.7848, 1.0000)>
MESH
plantSmall1.001
<Matrix 4x4 ( -0.0000, 0.0000,   1.0000, 0.0000)
            (  0.0000, 1.0000,   0.0000, 0.0000)
            ( -1.0000, 0.0000,  -0.0000, 0.0000)
            (-18.2064, 4.2033, -24.3875, 1.0000)>
MESH
rugRectangle
<Matrix 4x4 ( -0.0000, 0.0000,  1.0000, 0.0000)
            (  0.0000, 1.0000,  0.0000, 0.0000)
            ( -1.0000, 0.0000, -0.0000, 0.0000)
            (-13.9704, 0.5000, -2.1435, 1.0000)>
MESH
lampRoundFloor
<Matrix 4x4 (1.0000, 0.0000,  0.0000, 0.0000)
            (0.0000, 1.0000, -0.0000, 0.0000)
            (0.0000, 0.0000,  1.0000, 0.0000)
            (9.8398, 0.5000,  9.2222, 1.0000)>
