# Game Level Exporter v1.0
MESH
floorFull.009
<Matrix 4x4 (1.0000, 0.0000,  0.0000, 0.0000)
            (0.0000, 1.0000, -0.0000, 0.0000)
            (0.0000, 0.0000,  1.0000, 0.0000)
            (0.0000, 0.0000,  0.0000, 1.0000)>
MESH
floorFull.001
<Matrix 4x4 (1.0000, 0.0000,  0.0000, 0.0000)
            (0.0000, 1.0000, -0.0000, 0.0000)
            (0.0000, 0.0000,  1.0000, 0.0000)
            (0.0000, 0.0000, 10.0000, 1.0000)>
MESH
floorFull.002
<Matrix 4x4 ( 1.0000, 0.0000,  0.0000, 0.0000)
            ( 0.0000, 1.0000, -0.0000, 0.0000)
            ( 0.0000, 0.0000,  1.0000, 0.0000)
            (10.0000, 0.0000, 10.0000, 1.0000)>
MESH
floorFull.003
<Matrix 4x4 ( 1.0000, 0.0000,  0.0000, 0.0000)
            ( 0.0000, 1.0000, -0.0000, 0.0000)
            ( 0.0000, 0.0000,  1.0000, 0.0000)
            (10.0000, 0.0000,  0.0000, 1.0000)>
MESH
wall.007
<Matrix 4x4 (1.0000, 0.0000,  0.0000, 0.0000)
            (0.0000, 1.0000, -0.0000, 0.0000)
            (0.0000, 0.0000,  1.0000, 0.0000)
            (0.0000, 0.5000, 10.5000, 1.0000)>

